"","egg_N","x","y","L","a","b","LAB2"
"1",1,1,10,34.529,18.358,32.071,"#78451E"
"2",2,2,10,39.517,18.626,34.538,"#865024"
"3",3,3,10,39.15,12.153,34.829,"#7D5422"
"4",4,4,10,49.356,4.164,31.395,"#8C7140"
"5",5,5,10,53.56,6.787,33.051,"#9C7A47"
"6",6,6,10,67.455,2.267,22.259,"#B7A27C"
"7",7,7,10,66.965,-4.494,-4.807,"#96A6AB"
"8",8,8,10,78.807,-9.636,-2.84,"#ACC9C8"
"9",9,9,10,76.163,-9.517,-6.749,"#A1C2C8"
"10",10,10,10,81.259,-11.138,-15.284,"#A0D1E6"
"11",11,11,10,89.105,-5.089,-14.904,"#C5E4FC"
"12",12,12,10,77.88,4.314,6.329,"#CEBDB5"
"13",13,1,9,37.475,16.146,34.604,"#7D4D1F"
"14",14,2,9,42.583,12.154,37.581,"#875C25"
"15",15,3,9,50.471,8.838,31.05,"#967143"
"16",16,4,9,56.129,2.623,22.167,"#998460"
"17",17,5,9,66.614,-2.083,19.187,"#ACA280"
"18",18,6,9,62.267,-1.958,4.387,"#96978F"
"19",19,7,9,78.045,-11.604,-0.613,"#A8C7C2"
"20",20,8,9,72.165,-11.418,-2.732,"#97B7B5"
"21",21,9,9,83.643,-9.265,-17.441,"#A9D7F1"
"22",22,10,9,86.602,-3.139,-16.522,"#C1DCF8"
"23",23,11,9,71.295,7.644,8.001,"#C3A9A0"
"24",24,12,9,64.048,19.427,30.465,"#CC8D66"
"25",25,1,8,41.08,4.507,25.308,"#755D37"
"26",26,2,8,48.477,2.144,32.013,"#87703C"
"27",27,3,8,52.629,0.572,21.254,"#8C7C59"
"28",28,4,8,70.006,3.51,20.236,"#BFA887"
"29",29,5,8,67.071,-2.215,-3.891,"#9BA5AA"
"30",30,6,8,78.285,-8.798,5.12,"#B4C6B8"
"31",31,7,8,76.667,-12.164,-8.164,"#9BC4CC"
"32",32,8,8,82.189,-9.671,-17.62,"#A3D3ED"
"33",33,9,8,88.708,-3.923,-14.837,"#C7E2FB"
"34",34,10,8,79.985,3.899,-2.383,"#CCC4CB"
"35",35,11,8,63.163,21.189,29.093,"#CB8A66"
"36",36,12,8,61.302,29.646,33.902,"#D47E59"
"37",37,1,7,41.131,9.104,33.358,"#7E5A29"
"38",38,2,7,63.122,0.298,18.624,"#A69778"
"39",39,3,7,64.186,4.709,26.076,"#B4976D"
"40",40,4,7,69.569,4.16,-0.229,"#B2A7AA"
"41",41,5,7,68.834,-4.766,13.335,"#A9AA90"
"42",42,6,7,74.294,-12.305,-0.075,"#9DBDB6"
"43",43,7,7,82.789,-8.192,-11.948,"#B0D4E4"
"44",44,8,7,90.417,-2.915,-13.667,"#CFE6FD"
"45",45,9,7,79.801,5.277,-0.796,"#CFC3C7"
"46",46,10,7,61.788,23.333,31.139,"#CB845F"
"47",47,11,7,59.925,23.863,37.526,"#C87F4F"
"48",48,12,7,41.635,40.323,43.078,"#A8421B"
"49",49,1,6,47.315,0.844,24.125,"#7F6E48"
"50",50,2,6,65.004,1.696,19.246,"#AE9C7C"
"51",51,3,6,68.347,-6.304,-1.539,"#99AAA9"
"52",52,4,6,71.772,-8.56,10.681,"#A8B49C"
"53",53,5,6,80.047,-9.896,-2.099,"#B0CCCA"
"54",54,6,6,84.325,-8.449,-15.297,"#AFD8EF"
"55",55,7,6,89.495,-2.387,-14.361,"#CDE3FC"
"56",56,8,6,78.195,5.658,5.088,"#D0BEB8"
"57",57,9,6,69.325,15.936,15.603,"#CF9E8E"
"58",58,10,6,60.302,29.391,30.154,"#CF7C5E"
"59",59,11,6,38.528,42.136,39.729,"#A1371B"
"60",60,12,6,35.474,42.724,41.061,"#982F11"
"61",61,1,5,63.905,-9.682,-1.807,"#86A09E"
"62",62,2,5,68.694,-6.598,14.532,"#A6AA8D"
"63",63,3,5,70.753,-7.594,9.032,"#A6B19D"
"64",64,4,5,80.438,-9.46,-4.093,"#B0CDCF"
"65",65,5,5,80.427,-6.459,-14.592,"#AACCE2"
"66",66,6,5,90.069,-3.768,-14.532,"#CBE6FE"
"67",67,7,5,80.987,4.44,-3.029,"#CFC7CF"
"68",68,8,5,69.393,16.866,16.724,"#D29E8C"
"69",69,9,5,57.301,29.72,30.434,"#C77456"
"70",70,10,5,41.171,43.383,44.832,"#AB3D16"
"71",71,11,5,36.886,45.783,42.914,"#A02E11"
"72",72,12,5,33.444,44.599,40.178,"#94260F"
"73",73,1,4,62.367,-6.718,16.979,"#979979"
"74",74,2,4,74.956,-8.303,0.147,"#A8BDB8"
"75",75,3,4,77.396,-9.996,-4.61,"#A6C5C7"
"76",76,4,4,77.955,-10.381,-9.045,"#A1C7D1"
"77",77,5,4,88.722,-2.493,-15.547,"#C9E1FC"
"78",78,6,4,79.815,6.413,-1.419,"#D1C2C9"
"79",79,7,4,70.741,20.25,24.034,"#DE9F83"
"80",80,8,4,59.852,33.256,33.763,"#D47756"
"81",81,9,4,46.325,47.183,47.385,"#BF451E"
"82",82,10,4,40.177,46.537,45.801,"#AB3612"
"83",83,11,4,34.339,46.37,42.868,"#99260B"
"84",84,12,4,33.856,44.8,40.647,"#96270F"
"85",85,1,3,68.69,-9.347,9.517,"#9DAC96"
"86",86,2,3,73.531,-9.826,-3.379,"#9DBABA"
"87",87,3,3,80.711,-10.238,-14.016,"#A3CFE2"
"88",88,4,3,88.847,-4.201,-15.807,"#C5E3FD"
"89",89,5,3,76.498,7.072,3.413,"#CDB8B7"
"90",90,6,3,73.672,12.746,10.213,"#D3ACA3"
"91",91,7,3,54.377,34.071,36.185,"#C56845"
"92",92,8,3,43.813,43.646,45.422,"#B3431B"
"93",93,9,3,43.093,45.585,45.96,"#B33F19"
"94",94,10,3,34.29,48.045,43.374,"#9B230A"
"95",95,11,3,33.663,46.49,43.532,"#972407"
"96",96,12,3,33.562,46.18,40.862,"#96240E"
"97",97,1,2,72.222,-15.508,-10.423,"#83BAC3"
"98",98,2,2,81.13,-11.778,-13.144,"#A1D1E1"
"99",99,3,2,86.219,-2.998,-18.578,"#BDDBFA"
"100",100,4,2,78.069,3.006,-3.921,"#C3C0C8"
"101",101,5,2,67.461,15.854,16.503,"#CA9987"
"102",102,6,2,63.521,20.804,25.783,"#CB8B6D"
"103",103,7,2,40.93,49.045,45.857,"#B13415"
"104",104,8,2,39.622,45.091,43.135,"#A83617"
"105",105,9,2,33.091,44.295,40.891,"#93260C"
"106",106,10,2,25.024,41.508,34.995,"#771305"
"107",107,11,2,28.322,43.657,36.049,"#83190C"
"108",108,12,2,22.189,37.785,27.277,"#6B120E"
"109",109,1,1,73.001,-8.987,-10.038,"#96B9C5"
"110",110,2,1,84.359,-4.716,-17.234,"#B6D7F3"
"111",111,3,1,71.087,6.455,9.434,"#C1A99D"
"112",112,4,1,64.608,14.426,16.11,"#C09381"
"113",113,5,1,61.772,25.811,31.805,"#CF825E"
"114",114,6,1,36.193,43.23,43.077,"#9B300E"
"115",115,7,1,36.087,44.389,42.186,"#9C2E10"
"116",116,8,1,34.019,47.473,41.958,"#99230C"
"117",117,9,1,32.923,47.562,43.086,"#961F07"
"118",118,10,1,31.754,37.186,28.971,"#852D1F"
"119",119,11,1,20.792,34.837,25.608,"#63140D"
"120",120,12,1,16.014,32.554,21.671,"#540A07"
